
RISULTATI
Array numeri equidistanti:
[ 0.          0.20408163  0.40816327  0.6122449   0.81632653  1.02040816
  1.2244898   1.42857143  1.63265306  1.83673469  2.04081633  2.24489796
  2.44897959  2.65306122  2.85714286  3.06122449  3.26530612  3.46938776
  3.67346939  3.87755102  4.08163265  4.28571429  4.48979592  4.69387755
  4.89795918  5.10204082  5.30612245  5.51020408  5.71428571  5.91836735
  6.12244898  6.32653061  6.53061224  6.73469388  6.93877551  7.14285714
  7.34693878  7.55102041  7.75510204  7.95918367  8.16326531  8.36734694
  8.57142857  8.7755102   8.97959184  9.18367347  9.3877551   9.59183673
  9.79591837 10.        ]

Array numeri casuali:
[0.73397186 0.25084262 0.04434798 0.52163805 0.70594432 0.90931461
 0.98927159 0.09090256 0.9252871  0.5374468  0.1510271  0.08533951
 0.48588676 0.27053425 0.75911161 0.20849384 0.86880659 0.4888798
 0.34043132 0.62610226 0.9467641  0.7393778  0.74629631 0.59479524
 0.90570998 0.09782205 0.27805802 0.42639784 0.21473065 0.40926011
 0.26288186 0.45274492 0.16674361 0.78154299 0.92119521 0.0745359
 0.45358457 0.60140291 0.59066418 0.14371928 0.19627294 0.79216119
 0.69960938 0.77047076 0.083436   0.60299191 0.51762801 0.67898309
 0.42597752 0.01843801]

Somma dei due array:
[ 0.73397186  0.45492426  0.45251124  1.13388295  1.52227085  1.92972277
  2.21376138  1.51947399  2.55794016  2.3741815   2.19184342  2.33023747
  2.93486635  2.92359548  3.61625447  3.26971833  4.13411271  3.95826755
  4.0139007   4.50365328  5.02839675  5.02509209  5.23609222  5.28867279
  5.80366917  5.19986287  5.58418046  5.93660192  5.92901637  6.32762746
  6.38533084  6.77927553  6.69735585  7.51623687  7.85997072  7.21739304
  7.80052334  8.15242331  8.34576622  8.10290295  8.35953824  9.15950813
  9.27103795  9.54598097  9.06302784  9.78666538  9.90538311 10.27081983
 10.22189589 10.01843801]

Somma totale: 274.5877768379152
Somma valori maggiori di 5: 225.81868611479132



RISULTATI
Array numeri equidistanti:
[ 0.          0.20408163  0.40816327  0.6122449   0.81632653  1.02040816
  1.2244898   1.42857143  1.63265306  1.83673469  2.04081633  2.24489796
  2.44897959  2.65306122  2.85714286  3.06122449  3.26530612  3.46938776
  3.67346939  3.87755102  4.08163265  4.28571429  4.48979592  4.69387755
  4.89795918  5.10204082  5.30612245  5.51020408  5.71428571  5.91836735
  6.12244898  6.32653061  6.53061224  6.73469388  6.93877551  7.14285714
  7.34693878  7.55102041  7.75510204  7.95918367  8.16326531  8.36734694
  8.57142857  8.7755102   8.97959184  9.18367347  9.3877551   9.59183673
  9.79591837 10.        ]

Array numeri casuali:
[0.21526205 0.21266795 0.08882153 0.63803591 0.72566712 0.46923629
 0.06166817 0.93983581 0.54278046 0.78361619 0.89660916 0.57874848
 0.46716761 0.99536389 0.53591269 0.44706677 0.78615411 0.28597248
 0.20922239 0.12559416 0.4336266  0.25954506 0.49791021 0.40523246
 0.28101188 0.5703512  0.88436641 0.65417939 0.06224326 0.98254197
 0.271995   0.26349828 0.07656326 0.50194588 0.38845151 0.16224788
 0.08280651 0.92233373 0.64911433 0.85624785 0.27953843 0.79630932
 0.75652424 0.40543276 0.2412776  0.42225227 0.12289715 0.00996229
 0.47227965 0.53337288]

Somma dei due array:
[ 0.21526205  0.41674959  0.4969848   1.25028081  1.54199365  1.48964446
  1.28615797  2.36840723  2.17543352  2.62035088  2.93742549  2.82364644
  2.9161472   3.64842512  3.39305555  3.50829126  4.05146023  3.75536023
  3.88269178  4.00314518  4.51525925  4.54525934  4.98770613  5.09911001
  5.17897106  5.67239201  6.19048886  6.16438347  5.77652898  6.90090932
  6.39444398  6.59002889  6.6071755   7.23663976  7.32722702  7.30510502
  7.42974529  8.47335413  8.40421637  8.81543152  8.44280374  9.16365626
  9.32795281  9.18094297  9.22086944  9.60592574  9.51065225  9.60179903
 10.26819802 10.53337288]

Somma totale: 273.2514625168193
Somma valori maggiori di 5: 210.42232433448166



RISULTATI
Array numeri equidistanti:
[0.59497174 0.82526938 0.31582936 0.34389104 0.49899286 0.23664777
 0.67456756 0.02910617 0.71934486 0.45634645 0.87278622 0.22935137
 0.00547794 0.66539246 0.00961983 0.39430627 0.62746693 0.88486747
 0.23871142 0.02746579 0.04596589 0.3164698  0.82748209 0.84247677
 0.37955611 0.64210823 0.07873987 0.3252655  0.38378003 0.64603363
 0.5350038  0.27588525 0.13015802 0.97067465 0.49872651 0.70509364
 0.9873258  0.86730081 0.21118163 0.50551071 0.3439977  0.68212542
 0.70864235 0.51632817 0.12721851 0.43751932 0.16909796 0.75262135
 0.48743924 0.78629814]

Array numeri casuali:
[0.36592414 0.14288309 0.98645869 0.95614101 0.10970504 0.81133588
 0.61770877 0.03328053 0.33688902 0.73548806 0.53447443 0.52532887
 0.9122906  0.42707205 0.79684219 0.54383838 0.15649291 0.40109686
 0.90529906 0.0666     0.11889892 0.19510171 0.08374592 0.23818011
 0.56458295 0.6209938  0.29805438 0.37647906 0.50251137 0.10630616
 0.37109194 0.36848452 0.70172485 0.00359899 0.31114576 0.22227606
 0.34614726 0.31226935 0.86697509 0.9536499  0.2784193  0.23289885
 0.9852338  0.86944742 0.699545   0.46089967 0.02433395 0.03206456
 0.47984361 0.31271904]

Somma dei due array:
[0.96089588 0.96815247 1.30228805 1.30003205 0.60869791 1.04798364
 1.29227633 0.0623867  1.05623388 1.19183451 1.40726066 0.75468024
 0.91776855 1.09246451 0.80646202 0.93814465 0.78395984 1.28596433
 1.14401048 0.09406579 0.16486481 0.51157151 0.91122801 1.08065688
 0.94413906 1.26310202 0.37679424 0.70174456 0.8862914  0.75233979
 0.90609574 0.64436977 0.83188287 0.97427364 0.80987228 0.92736969
 1.33347306 1.17957016 1.07815671 1.45916061 0.62241699 0.91502427
 1.69387615 1.38577558 0.82676351 0.89841899 0.19343191 0.78468592
 0.96728285 1.09901717]

Somma totale: 46.139212637421394
Somma valori maggiori di 5: 0.0



RISULTATI
Array numeri equidistanti:
[ 0.          0.20408163  0.40816327  0.6122449   0.81632653  1.02040816
  1.2244898   1.42857143  1.63265306  1.83673469  2.04081633  2.24489796
  2.44897959  2.65306122  2.85714286  3.06122449  3.26530612  3.46938776
  3.67346939  3.87755102  4.08163265  4.28571429  4.48979592  4.69387755
  4.89795918  5.10204082  5.30612245  5.51020408  5.71428571  5.91836735
  6.12244898  6.32653061  6.53061224  6.73469388  6.93877551  7.14285714
  7.34693878  7.55102041  7.75510204  7.95918367  8.16326531  8.36734694
  8.57142857  8.7755102   8.97959184  9.18367347  9.3877551   9.59183673
  9.79591837 10.        ]

Array numeri casuali:
[0.13947533 0.13338306 0.27704543 0.67088299 0.74083155 0.62245469
 0.02153587 0.68852803 0.61170981 0.24341541 0.00922528 0.4522083
 0.20252479 0.34554539 0.79992205 0.27805004 0.38267262 0.63347119
 0.81128576 0.12921095 0.86832943 0.95939789 0.49780771 0.02178776
 0.09149539 0.54932869 0.9445408  0.62682091 0.99767693 0.02001488
 0.13886251 0.77171635 0.51200943 0.37837111 0.13723938 0.28077539
 0.20656672 0.06362074 0.8424507  0.7532269  0.14722911 0.55736031
 0.18324284 0.11750951 0.98230948 0.48454946 0.48183699 0.37645316
 0.07586734 0.74841861]

Somma dei due array:
[ 0.13947533  0.3374647   0.68520869  1.28312789  1.55715808  1.64286286
  1.24602566  2.11709946  2.24436287  2.08015011  2.0500416   2.69710626
  2.65150438  2.99860662  3.65706491  3.33927453  3.64797874  4.10285894
  4.48475515  4.00676197  4.94996209  5.24511218  4.98760363  4.71566532
  4.98945458  5.6513695   6.25066325  6.13702499  6.71196264  5.93838223
  6.26131149  7.09824696  7.04262168  7.11306499  7.07601489  7.42363253
  7.5535055   7.61464115  8.59755274  8.71241058  8.31049441  8.92470725
  8.75467141  8.89301972  9.96190132  9.66822293  9.86959209  9.9682899
  9.87178571 10.74841861]

Somma totale: 272.01019495393456
Somma valori maggiori di 5: 205.39862062358918



==================================================

RISULTATI
Array numeri equidistanti:
[ 0.          0.20408163  0.40816327  0.6122449   0.81632653  1.02040816
  1.2244898   1.42857143  1.63265306  1.83673469  2.04081633  2.24489796
  2.44897959  2.65306122  2.85714286  3.06122449  3.26530612  3.46938776
  3.67346939  3.87755102  4.08163265  4.28571429  4.48979592  4.69387755
  4.89795918  5.10204082  5.30612245  5.51020408  5.71428571  5.91836735
  6.12244898  6.32653061  6.53061224  6.73469388  6.93877551  7.14285714
  7.34693878  7.55102041  7.75510204  7.95918367  8.16326531  8.36734694
  8.57142857  8.7755102   8.97959184  9.18367347  9.3877551   9.59183673
  9.79591837 10.        ]

Array numeri casuali:
[0.97483321 0.8071119  0.03236704 0.01448256 0.15595962 0.38827994
 0.08703207 0.83935177 0.91509735 0.57996043 0.34241018 0.19563353
 0.97242883 0.93543549 0.15526808 0.3252802  0.4354762  0.72662297
 0.63154221 0.1485487  0.65132061 0.3867048  0.82485993 0.17168499
 0.46368998 0.06930191 0.63036339 0.04923922 0.04615633 0.12742889
 0.27008618 0.42438145 0.63668265 0.26000476 0.97773575 0.82575048
 0.81661427 0.97219135 0.24424429 0.51943334 0.6031928  0.52658707
 0.40224339 0.27446146 0.83105019 0.11756677 0.81939024 0.71640915
 0.2181983  0.88980883]

Somma dei due array:
[ 0.97483321  1.01119353  0.4405303   0.62672746  0.97228615  1.40868811
  1.31152186  2.2679232   2.54775041  2.41669512  2.38322651  2.44053149
  3.42140842  3.58849671  3.01241094  3.38650469  3.70078232  4.19601073
  4.3050116   4.02609972  4.73295326  4.67241908  5.31465585  4.86556254
  5.36164916  5.17134273  5.93648584  5.5594433   5.76044205  6.04579624
  6.39253516  6.75091206  7.1672949   6.99469864  7.91651126  7.96860762
  8.16355305  8.52321176  7.99934633  8.47861702  8.76645811  8.89393401
  8.97367196  9.04997166  9.81064202  9.30124024 10.20714535 10.30824589
 10.01411666 10.88980883]

Somma totale: 274.42990503366144
Somma valori maggiori di 5: 211.72033767277

==================================================

==================================================

RISULTATI
Array numeri equidistanti:
[ 0.          0.20408163  0.40816327  0.6122449   0.81632653  1.02040816
  1.2244898   1.42857143  1.63265306  1.83673469  2.04081633  2.24489796
  2.44897959  2.65306122  2.85714286  3.06122449  3.26530612  3.46938776
  3.67346939  3.87755102  4.08163265  4.28571429  4.48979592  4.69387755
  4.89795918  5.10204082  5.30612245  5.51020408  5.71428571  5.91836735
  6.12244898  6.32653061  6.53061224  6.73469388  6.93877551  7.14285714
  7.34693878  7.55102041  7.75510204  7.95918367  8.16326531  8.36734694
  8.57142857  8.7755102   8.97959184  9.18367347  9.3877551   9.59183673
  9.79591837 10.        ]

Array numeri casuali:
[0.62124203 0.4520696  0.2810793  0.39342185 0.67361538 0.33041473
 0.4926343  0.34839771 0.42179072 0.01599929 0.00158215 0.16513743
 0.61893968 0.2615538  0.92008414 0.81899662 0.35066374 0.31988483
 0.41680044 0.20537568 0.24095367 0.12573809 0.5017888  0.21270629
 0.44021041 0.51909853 0.2425688  0.40022932 0.5012662  0.90744719
 0.18424119 0.1200904  0.59993185 0.06917773 0.65353813 0.35791209
 0.62642689 0.93145134 0.26677028 0.17661637 0.18497195 0.73913785
 0.78822545 0.38061347 0.69026596 0.42935578 0.42959713 0.62229139
 0.03748473 0.92906553]

Somma dei due array:
[ 0.62124203  0.65615123  0.68924256  1.00566674  1.48994191  1.3508229
  1.71712409  1.77696914  2.05444378  1.85273398  2.04239847  2.41003539
  3.06791927  2.91461503  3.777227    3.88022111  3.61596987  3.78927258
  4.09026983  4.0829267   4.32258632  4.41145238  4.99158472  4.90658384
  5.3381696   5.62113935  5.54869125  5.9104334   6.21555192  6.82581454
  6.30669017  6.44662101  7.1305441   6.8038716   7.59231364  7.50076924
  7.97336567  8.48247175  8.02187232  8.13580005  8.34823726  9.10648479
  9.35965402  9.15612367  9.6698578   9.61302925  9.81735224 10.21412813
  9.83340309 10.92906553]

Somma totale: 271.41885627206136
Somma valori maggiori di 5: 205.90145537917056

==================================================
